10
1000692 1000692 1000692 1000692 1000692 1000692 1000692 1000692 1000692 1000692 
1009227 1009227 1009227 1009227 1009227 1009227 1009227 1009227 1009227 1009227 
1017790 1017790 1017790 1017790 1017790 1017790 1017790 1017790 1017790 1017790 
1026360 1026360 1026360 1026360 1026360 1026360 1026360 1026360 1026360 1026360 
1034984 1034984 1034984 1034984 1034984 1034984 1034984 1034984 1034984 1034984 
1043609 1043609 1043609 1043609 1043609 1043609 1043609 1043609 1043609 1043609 
1052265 1052265 1052265 1052265 1052265 1052265 1052265 1052265 1052265 1052265 
1060934 1060934 1060934 1060934 1060934 1060934 1060934 1060934 1060934 1060934 
1069629 1069629 1069629 1069629 1069629 1069629 1069629 1069629 1069629 1069629 
1078333 1078333 1078333 1078333 1078333 1078333 1078333 1078333 1078333 1078333 
1087047 1087047 1087047 1087047 1087047 1087047 1087047 1087047 1087047 1087047 
1095790 1095790 1095790 1095790 1095790 1095790 1095790 1095790 1095790 1095790 
1104547 1104547 1104547 1104547 1104547 1104547 1104547 1104547 1104547 1104547 
1113341 1113341 1113341 1113341 1113341 1113341 1113341 1113341 1113341 1113341 
1122138 1122138 1122138 1122138 1122138 1122138 1122138 1122138 1122138 1122138 
1130957 1130957 1130957 1130957 1130957 1130957 1130957 1130957 1130957 1130957 
1139792 1139792 1139792 1139792 1139792 1139792 1139792 1139792 1139792 1139792 
1148669 1148669 1148669 1148669 1148669 1148669 1148669 1148669 1148669 1148669 
1157572 1157572 1157572 1157572 1157572 1157572 1157572 1157572 1157572 1157572 
1166506 1166506 1166506 1166506 1166506 1166506 1166506 1166506 1166506 1166506 
1175470 1175470 1175470 1175470 1175470 1175470 1175470 1175470 1175470 1175470 
1184487 1184487 1184487 1184487 1184487 1184487 1184487 1184487 1184487 1184487 
1193561 1193561 1193561 1193561 1193561 1193561 1193561 1193561 1193561 1193561 
1202660 1202660 1202660 1202660 1202660 1202660 1202660 1202660 1202660 1202660 
1211813 1211813 1211813 1211813 1211813 1211813 1211813 1211813 1211813 1211813 
1221047 1221047 1221047 1221047 1221047 1221047 1221047 1221047 1221047 1221047 
1230348 1230348 1230348 1230348 1230348 1230348 1230348 1230348 1230348 1230348 
1239705 1239705 1239705 1239705 1239705 1239705 1239705 1239705 1239705 1239705 
1249152 1249152 1249152 1249152 1249152 1249152 1249152 1249152 1249152 1249152 
1258696 1258696 1258696 1258696 1258696 1258696 1258696 1258696 1258696 1258696 
1268320 1268320 1268320 1268320 1268320 1268320 1268320 1268320 1268320 1268320 
1278019 1278019 1278019 1278019 1278019 1278019 1278019 1278019 1278019 1278019 
1287853 1287853 1287853 1287853 1287853 1287853 1287853 1287853 1287853 1287853 
1297807 1297807 1297807 1297807 1297807 1297807 1297807 1297807 1297807 1297807 
1307863 1307863 1307863 1307863 1307863 1307863 1307863 1307863 1307863 1307863 
1318058 1318058 1318058 1318058 1318058 1318058 1318058 1318058 1318058 1318058 
1328369 1328369 1328369 1328369 1328369 1328369 1328369 1328369 1328369 1328369 
1338832 1338832 1338832 1338832 1338832 1338832 1338832 1338832 1338832 1338832 
1349418 1349418 1349418 1349418 1349418 1349418 1349418 1349418 1349418 1349418 
1360152 1360152 1360152 1360152 1360152 1360152 1360152 1360152 1360152 1360152 
1371044 1371044 1371044 1371044 1371044 1371044 1371044 1371044 1371044 1371044 
1382095 1382095 1382095 1382095 1382095 1382095 1382095 1382095 1382095 1382095 
1393303 1393303 1393303 1393303 1393303 1393303 1393303 1393303 1393303 1393303 
1404670 1404670 1404670 1404670 1404670 1404670 1404670 1404670 1404670 1404670 
1416194 1416194 1416194 1416194 1416194 1416194 1416194 1416194 1416194 1416194 
1427894 1427894 1427894 1427894 1427894 1427894 1427894 1427894 1427894 1427894 
1439758 1439758 1439758 1439758 1439758 1439758 1439758 1439758 1439758 1439758 
1451795 1451795 1451795 1451795 1451795 1451795 1451795 1451795 1451795 1451795 
1463977 1463977 1463977 1463977 1463977 1463977 1463977 1463977 1463977 1463977 
1476322 1476322 1476322 1476322 1476322 1476322 1476322 1476322 1476322 1476322 
1488845 1488845 1488845 1488845 1488845 1488845 1488845 1488845 1488845 1488845 
1501518 1501518 1501518 1501518 1501518 1501518 1501518 1501518 1501518 1501518 
1514335 1514335 1514335 1514335 1514335 1514335 1514335 1514335 1514335 1514335 
1527302 1527302 1527302 1527302 1527302 1527302 1527302 1527302 1527302 1527302 
1540406 1540406 1540406 1540406 1540406 1540406 1540406 1540406 1540406 1540406 
1553651 1553651 1553651 1553651 1553651 1553651 1553651 1553651 1553651 1553651 
1566989 1566989 1566989 1566989 1566989 1566989 1566989 1566989 1566989 1566989 
1580439 1580439 1580439 1580439 1580439 1580439 1580439 1580439 1580439 1580439 
1593996 1593996 1593996 1593996 1593996 1593996 1593996 1593996 1593996 1593996 
1607622 1607622 1607622 1607622 1607622 1607622 1607622 1607622 1607622 1607622 
1621295 1621295 1621295 1621295 1621295 1621295 1621295 1621295 1621295 1621295 
1635046 1635046 1635046 1635046 1635046 1635046 1635046 1635046 1635046 1635046 
1648828 1648828 1648828 1648828 1648828 1648828 1648828 1648828 1648828 1648828 
1662617 1662617 1662617 1662617 1662617 1662617 1662617 1662617 1662617 1662617 
1676381 1676381 1676381 1676381 1676381 1676381 1676381 1676381 1676381 1676381 
1690138 1690138 1690138 1690138 1690138 1690138 1690138 1690138 1690138 1690138 
1703825 1703825 1703825 1703825 1703825 1703825 1703825 1703825 1703825 1703825 
1717449 1717449 1717449 1717449 1717449 1717449 1717449 1717449 1717449 1717449 
1730970 1730970 1730970 1730970 1730970 1730970 1730970 1730970 1730970 1730970 
1744355 1744355 1744355 1744355 1744355 1744355 1744355 1744355 1744355 1744355 
1757608 1757608 1757608 1757608 1757608 1757608 1757608 1757608 1757608 1757608 
1770672 1770672 1770672 1770672 1770672 1770672 1770672 1770672 1770672 1770672 
1783539 1783539 1783539 1783539 1783539 1783539 1783539 1783539 1783539 1783539 
1796176 1796176 1796176 1796176 1796176 1796176 1796176 1796176 1796176 1796176 
1808561 1808561 1808561 1808561 1808561 1808561 1808561 1808561 1808561 1808561 
1820694 1820694 1820694 1820694 1820694 1820694 1820694 1820694 1820694 1820694 
1832533 1832533 1832533 1832533 1832533 1832533 1832533 1832533 1832533 1832533 
1844050 1844050 1844050 1844050 1844050 1844050 1844050 1844050 1844050 1844050 
1855239 1855239 1855239 1855239 1855239 1855239 1855239 1855239 1855239 1855239 
1866090 1866090 1866090 1866090 1866090 1866090 1866090 1866090 1866090 1866090 
1876603 1876603 1876603 1876603 1876603 1876603 1876603 1876603 1876603 1876603 
1886762 1886762 1886762 1886762 1886762 1886762 1886762 1886762 1886762 1886762 
1896601 1896601 1896601 1896601 1896601 1896601 1896601 1896601 1896601 1896601 
1906108 1906108 1906108 1906108 1906108 1906108 1906108 1906108 1906108 1906108 
1915317 1915317 1915317 1915317 1915317 1915317 1915317 1915317 1915317 1915317 
1924263 1924263 1924263 1924263 1924263 1924263 1924263 1924263 1924263 1924263 
1932977 1932977 1932977 1932977 1932977 1932977 1932977 1932977 1932977 1932977 
1941527 1941527 1941527 1941527 1941527 1941527 1941527 1941527 1941527 1941527 
1949984 1949984 1949984 1949984 1949984 1949984 1949984 1949984 1949984 1949984 
1958424 1958424 1958424 1958424 1958424 1958424 1958424 1958424 1958424 1958424 
1966952 1966952 1966952 1966952 1966952 1966952 1966952 1966952 1966952 1966952 
1975673 1975673 1975673 1975673 1975673 1975673 1975673 1975673 1975673 1975673 
1984718 1984718 1984718 1984718 1984718 1984718 1984718 1984718 1984718 1984718 
1994228 1994228 1994228 1994228 1994228 1994228 1994228 1994228 1994228 1994228 
2004378 2004378 2004378 2004378 2004378 2004378 2004378 2004378 2004378 2004378 
2015316 2015316 2015316 2015316 2015316 2015316 2015316 2015316 2015316 2015316 
2027196 2027196 2027196 2027196 2027196 2027196 2027196 2027196 2027196 2027196 
2040240 2040240 2040240 2040240 2040240 2040240 2040240 2040240 2040240 2040240 
2054555 2054555 2054555 2054555 2054555 2054555 2054555 2054555 2054555 2054555 
2070282 2070282 2070282 2070282 2070282 2070282 2070282 2070282 2070282 2070282 
2087524 2087524 2087524 2087524 2087524 2087524 2087524 2087524 2087524 2087524 
2106268 2106268 2106268 2106268 2106268 2106268 2106268 2106268 2106268 2106268 
2126398 2126398 2126398 2126398 2126398 2126398 2126398 2126398 2126398 2126398 
2147687 2147687 2147687 2147687 2147687 2147687 2147687 2147687 2147687 2147687 
2169651 2169651 2169651 2169651 2169651 2169651 2169651 2169651 2169651 2169651 
2191697 2191697 2191697 2191697 2191697 2191697 2191697 2191697 2191697 2191697 
2212882 2212882 2212882 2212882 2212882 2212882 2212882 2212882 2212882 2212882 
2232045 2232045 2232045 2232045 2232045 2232045 2232045 2232045 2232045 2232045 
2247815 2247815 2247815 2247815 2247815 2247815 2247815 2247815 2247815 2247815 
2258760 2258760 2258760 2258760 2258760 2258760 2258760 2258760 2258760 2258760 
2263443 2263443 2263443 2263443 2263443 2263443 2263443 2263443 2263443 2263443 
2260662 2260662 2260662 2260662 2260662 2260662 2260662 2260662 2260662 2260662 
2249636 2249636 2249636 2249636 2249636 2249636 2249636 2249636 2249636 2249636 
2230080 2230080 2230080 2230080 2230080 2230080 2230080 2230080 2230080 2230080 
2202342 2202342 2202342 2202342 2202342 2202342 2202342 2202342 2202342 2202342 
2167281 2167281 2167281 2167281 2167281 2167281 2167281 2167281 2167281 2167281 
2126156 2126156 2126156 2126156 2126156 2126156 2126156 2126156 2126156 2126156 
2080472 2080472 2080472 2080472 2080472 2080472 2080472 2080472 2080472 2080472 
2031744 2031744 2031744 2031744 2031744 2031744 2031744 2031744 2031744 2031744 
1981411 1981411 1981411 1981411 1981411 1981411 1981411 1981411 1981411 1981411 
1930701 1930701 1930701 1930701 1930701 1930701 1930701 1930701 1930701 1930701 
1880550 1880550 1880550 1880550 1880550 1880550 1880550 1880550 1880550 1880550 
1831730 1831730 1831730 1831730 1831730 1831730 1831730 1831730 1831730 1831730 
1784712 1784712 1784712 1784712 1784712 1784712 1784712 1784712 1784712 1784712 
1739824 1739824 1739824 1739824 1739824 1739824 1739824 1739824 1739824 1739824 
1697217 1697217 1697217 1697217 1697217 1697217 1697217 1697217 1697217 1697217 
1656962 1656962 1656962 1656962 1656962 1656962 1656962 1656962 1656962 1656962 
1618999 1618999 1618999 1618999 1618999 1618999 1618999 1618999 1618999 1618999 
1583289 1583289 1583289 1583289 1583289 1583289 1583289 1583289 1583289 1583289 
1549686 1549686 1549686 1549686 1549686 1549686 1549686 1549686 1549686 1549686 
1518094 1518094 1518094 1518094 1518094 1518094 1518094 1518094 1518094 1518094 
1488336 1488336 1488336 1488336 1488336 1488336 1488336 1488336 1488336 1488336 
1460278 1460278 1460278 1460278 1460278 1460278 1460278 1460278 1460278 1460278 
1433812 1433812 1433812 1433812 1433812 1433812 1433812 1433812 1433812 1433812 
1408798 1408798 1408798 1408798 1408798 1408798 1408798 1408798 1408798 1408798 
1385107 1385107 1385107 1385107 1385107 1385107 1385107 1385107 1385107 1385107 
1362645 1362645 1362645 1362645 1362645 1362645 1362645 1362645 1362645 1362645 
1341299 1341299 1341299 1341299 1341299 1341299 1341299 1341299 1341299 1341299 
1320947 1320947 1320947 1320947 1320947 1320947 1320947 1320947 1320947 1320947 
1301550 1301550 1301550 1301550 1301550 1301550 1301550 1301550 1301550 1301550 
1283003 1283003 1283003 1283003 1283003 1283003 1283003 1283003 1283003 1283003 
1265247 1265247 1265247 1265247 1265247 1265247 1265247 1265247 1265247 1265247 
1248190 1248190 1248190 1248190 1248190 1248190 1248190 1248190 1248190 1248190 
1231829 1231829 1231829 1231829 1231829 1231829 1231829 1231829 1231829 1231829 
1216048 1216048 1216048 1216048 1216048 1216048 1216048 1216048 1216048 1216048 
1200844 1200844 1200844 1200844 1200844 1200844 1200844 1200844 1200844 1200844 
1186132 1186132 1186132 1186132 1186132 1186132 1186132 1186132 1186132 1186132 
1171902 1171902 1171902 1171902 1171902 1171902 1171902 1171902 1171902 1171902 
1158094 1158094 1158094 1158094 1158094 1158094 1158094 1158094 1158094 1158094 
1144690 1144690 1144690 1144690 1144690 1144690 1144690 1144690 1144690 1144690 
1131646 1131646 1131646 1131646 1131646 1131646 1131646 1131646 1131646 1131646 
1118926 1118926 1118926 1118926 1118926 1118926 1118926 1118926 1118926 1118926 
1106501 1106501 1106501 1106501 1106501 1106501 1106501 1106501 1106501 1106501 
1094371 1094371 1094371 1094371 1094371 1094371 1094371 1094371 1094371 1094371 
1082484 1082484 1082484 1082484 1082484 1082484 1082484 1082484 1082484 1082484 
1070822 1070822 1070822 1070822 1070822 1070822 1070822 1070822 1070822 1070822 
1059382 1059382 1059382 1059382 1059382 1059382 1059382 1059382 1059382 1059382 
1048110 1048110 1048110 1048110 1048110 1048110 1048110 1048110 1048110 1048110 
1037001 1037001 1037001 1037001 1037001 1037001 1037001 1037001 1037001 1037001 
1026038 1026038 1026038 1026038 1026038 1026038 1026038 1026038 1026038 1026038 
1015212 1015212 1015212 1015212 1015212 1015212 1015212 1015212 1015212 1015212 
1004484 1004484 1004484 1004484 1004484 1004484 1004484 1004484 1004484 1004484 
993849 993849 993849 993849 993849 993849 993849 993849 993849 993849 
983290 983290 983290 983290 983290 983290 983290 983290 983290 983290 
972800 972800 972800 972800 972800 972800 972800 972800 972800 972800 
962345 962345 962345 962345 962345 962345 962345 962345 962345 962345 
951907 951907 951907 951907 951907 951907 951907 951907 951907 951907 
941496 941496 941496 941496 941496 941496 941496 941496 941496 941496 
931075 931075 931075 931075 931075 931075 931075 931075 931075 931075 
920639 920639 920639 920639 920639 920639 920639 920639 920639 920639 
910158 910158 910158 910158 910158 910158 910158 910158 910158 910158 
899640 899640 899640 899640 899640 899640 899640 899640 899640 899640 
889073 889073 889073 889073 889073 889073 889073 889073 889073 889073 
878422 878422 878422 878422 878422 878422 878422 878422 878422 878422 
867682 867682 867682 867682 867682 867682 867682 867682 867682 867682 
856813 856813 856813 856813 856813 856813 856813 856813 856813 856813 
845856 845856 845856 845856 845856 845856 845856 845856 845856 845856 
834757 834757 834757 834757 834757 834757 834757 834757 834757 834757 
823516 823516 823516 823516 823516 823516 823516 823516 823516 823516 
812108 812108 812108 812108 812108 812108 812108 812108 812108 812108 
800511 800511 800511 800511 800511 800511 800511 800511 800511 800511 
788745 788745 788745 788745 788745 788745 788745 788745 788745 788745 
776781 776781 776781 776781 776781 776781 776781 776781 776781 776781 
764603 764603 764603 764603 764603 764603 764603 764603 764603 764603 
752214 752214 752214 752214 752214 752214 752214 752214 752214 752214 
739607 739607 739607 739607 739607 739607 739607 739607 739607 739607 
726748 726748 726748 726748 726748 726748 726748 726748 726748 726748 
713670 713670 713670 713670 713670 713670 713670 713670 713670 713670 
700350 700350 700350 700350 700350 700350 700350 700350 700350 700350 
686782 686782 686782 686782 686782 686782 686782 686782 686782 686782 
673002 673002 673002 673002 673002 673002 673002 673002 673002 673002 
658996 658996 658996 658996 658996 658996 658996 658996 658996 658996 
644811 644811 644811 644811 644811 644811 644811 644811 644811 644811 
630437 630437 630437 630437 630437 630437 630437 630437 630437 630437 
615912 615912 615912 615912 615912 615912 615912 615912 615912 615912 
601286 601286 601286 601286 601286 601286 601286 601286 601286 601286 
586609 586609 586609 586609 586609 586609 586609 586609 586609 586609 
571932 571932 571932 571932 571932 571932 571932 571932 571932 571932 
557323 557323 557323 557323 557323 557323 557323 557323 557323 557323 
542861 542861 542861 542861 542861 542861 542861 542861 542861 542861 
528669 528669 528669 528669 528669 528669 528669 528669 528669 528669 
514817 514817 514817 514817 514817 514817 514817 514817 514817 514817 
501439 501439 501439 501439 501439 501439 501439 501439 501439 501439 
488668 488668 488668 488668 488668 488668 488668 488668 488668 488668 
476700 476700 476700 476700 476700 476700 476700 476700 476700 476700 
465633 465633 465633 465633 465633 465633 465633 465633 465633 465633 
455648 455648 455648 455648 455648 455648 455648 455648 455648 455648 
446914 446914 446914 446914 446914 446914 446914 446914 446914 446914 
439629 439629 439629 439629 439629 439629 439629 439629 439629 439629 
433969 433969 433969 433969 433969 433969 433969 433969 433969 433969 
430102 430102 430102 430102 430102 430102 430102 430102 430102 430102 
428196 428196 428196 428196 428196 428196 428196 428196 428196 428196 
428402 428402 428402 428402 428402 428402 428402 428402 428402 428402 
430876 430876 430876 430876 430876 430876 430876 430876 430876 430876 
435742 435742 435742 435742 435742 435742 435742 435742 435742 435742 
443123 443123 443123 443123 443123 443123 443123 443123 443123 443123 
453066 453066 453066 453066 453066 453066 453066 453066 453066 453066 
465679 465679 465679 465679 465679 465679 465679 465679 465679 465679 
481030 481030 481030 481030 481030 481030 481030 481030 481030 481030 
499115 499115 499115 499115 499115 499115 499115 499115 499115 499115 
519979 519979 519979 519979 519979 519979 519979 519979 519979 519979 
543650 543650 543650 543650 543650 543650 543650 543650 543650 543650 
570135 570135 570135 570135 570135 570135 570135 570135 570135 570135 
599476 599476 599476 599476 599476 599476 599476 599476 599476 599476 
631666 631666 631666 631666 631666 631666 631666 631666 631666 631666 
666766 666766 666766 666766 666766 666766 666766 666766 666766 666766 
704833 704833 704833 704833 704833 704833 704833 704833 704833 704833 
745896 745896 745896 745896 745896 745896 745896 745896 745896 745896 
790077 790077 790077 790077 790077 790077 790077 790077 790077 790077 
837388 837388 837388 837388 837388 837388 837388 837388 837388 837388 
887897 887897 887897 887897 887897 887897 887897 887897 887897 887897 
941640 941640 941640 941640 941640 941640 941640 941640 941640 941640 
998541 998541 998541 998541 998541 998541 998541 998541 998541 998541 
1058460 1058460 1058460 1058460 1058460 1058460 1058460 1058460 1058460 1058460 
1121088 1121088 1121088 1121088 1121088 1121088 1121088 1121088 1121088 1121088 
1185883 1185883 1185883 1185883 1185883 1185883 1185883 1185883 1185883 1185883 
1252081 1252081 1252081 1252081 1252081 1252081 1252081 1252081 1252081 1252081 
1318579 1318579 1318579 1318579 1318579 1318579 1318579 1318579 1318579 1318579 
1383833 1383833 1383833 1383833 1383833 1383833 1383833 1383833 1383833 1383833 
1446035 1446035 1446035 1446035 1446035 1446035 1446035 1446035 1446035 1446035 
1503060 1503060 1503060 1503060 1503060 1503060 1503060 1503060 1503060 1503060 
1552593 1552593 1552593 1552593 1552593 1552593 1552593 1552593 1552593 1552593 
1592432 1592432 1592432 1592432 1592432 1592432 1592432 1592432 1592432 1592432 
1620672 1620672 1620672 1620672 1620672 1620672 1620672 1620672 1620672 1620672 
1636067 1636067 1636067 1636067 1636067 1636067 1636067 1636067 1636067 1636067 
1638209 1638209 1638209 1638209 1638209 1638209 1638209 1638209 1638209 1638209 
1627495 1627495 1627495 1627495 1627495 1627495 1627495 1627495 1627495 1627495 
1605231 1605231 1605231 1605231 1605231 1605231 1605231 1605231 1605231 1605231 
1573264 1573264 1573264 1573264 1573264 1573264 1573264 1573264 1573264 1573264 
1533854 1533854 1533854 1533854 1533854 1533854 1533854 1533854 1533854 1533854 
1489232 1489232 1489232 1489232 1489232 1489232 1489232 1489232 1489232 1489232 
1441577 1441577 1441577 1441577 1441577 1441577 1441577 1441577 1441577 1441577 
1392703 1392703 1392703 1392703 1392703 1392703 1392703 1392703 1392703 1392703 
1344050 1344050 1344050 1344050 1344050 1344050 1344050 1344050 1344050 1344050 
1296746 1296746 1296746 1296746 1296746 1296746 1296746 1296746 1296746 1296746 
1251531 1251531 1251531 1251531 1251531 1251531 1251531 1251531 1251531 1251531 
1208864 1208864 1208864 1208864 1208864 1208864 1208864 1208864 1208864 1208864 
1168979 1168979 1168979 1168979 1168979 1168979 1168979 1168979 1168979 1168979 
1131999 1131999 1131999 1131999 1131999 1131999 1131999 1131999 1131999 1131999 
1097849 1097849 1097849 1097849 1097849 1097849 1097849 1097849 1097849 1097849 
1066449 1066449 1066449 1066449 1066449 1066449 1066449 1066449 1066449 1066449 
1037616 1037616 1037616 1037616 1037616 1037616 1037616 1037616 1037616 1037616 
1011157 1011157 1011157 1011157 1011157 1011157 1011157 1011157 1011157 1011157 
986900 986900 986900 986900 986900 986900 986900 986900 986900 986900 
964661 964661 964661 964661 964661 964661 964661 964661 964661 964661 
944201 944201 944201 944201 944201 944201 944201 944201 944201 944201 
925380 925380 925380 925380 925380 925380 925380 925380 925380 925380 
908024 908024 908024 908024 908024 908024 908024 908024 908024 908024 
891985 891985 891985 891985 891985 891985 891985 891985 891985 891985 
877085 877085 877085 877085 877085 877085 877085 877085 877085 877085 
863264 863264 863264 863264 863264 863264 863264 863264 863264 863264 
850373 850373 850373 850373 850373 850373 850373 850373 850373 850373 
838302 838302 838302 838302 838302 838302 838302 838302 838302 838302 
826961 826961 826961 826961 826961 826961 826961 826961 826961 826961 
816298 816298 816298 816298 816298 816298 816298 816298 816298 816298 
806221 806221 806221 806221 806221 806221 806221 806221 806221 806221 
796660 796660 796660 796660 796660 796660 796660 796660 796660 796660 
787555 787555 787555 787555 787555 787555 787555 787555 787555 787555 
778879 778879 778879 778879 778879 778879 778879 778879 778879 778879 
770560 770560 770560 770560 770560 770560 770560 770560 770560 770560 
762572 762572 762572 762572 762572 762572 762572 762572 762572 762572 
754868 754868 754868 754868 754868 754868 754868 754868 754868 754868 
747427 747427 747427 747427 747427 747427 747427 747427 747427 747427 
740195 740195 740195 740195 740195 740195 740195 740195 740195 740195 
733166 733166 733166 733166 733166 733166 733166 733166 733166 733166 
726333 726333 726333 726333 726333 726333 726333 726333 726333 726333 
719665 719665 719665 719665 719665 719665 719665 719665 719665 719665 
713125 713125 713125 713125 713125 713125 713125 713125 713125 713125 
706717 706717 706717 706717 706717 706717 706717 706717 706717 706717 
700442 700442 700442 700442 700442 700442 700442 700442 700442 700442 
694260 694260 694260 694260 694260 694260 694260 694260 694260 694260 
688177 688177 688177 688177 688177 688177 688177 688177 688177 688177 
682216 682216 682216 682216 682216 682216 682216 682216 682216 682216 
676317 676317 676317 676317 676317 676317 676317 676317 676317 676317 
670553 670553 670553 670553 670553 670553 670553 670553 670553 670553 
664869 664869 664869 664869 664869 664869 664869 664869 664869 664869 
659307 659307 659307 659307 659307 659307 659307 659307 659307 659307 
653859 653859 653859 653859 653859 653859 653859 653859 653859 653859 
648521 648521 648521 648521 648521 648521 648521 648521 648521 648521 
643338 643338 643338 643338 643338 643338 643338 643338 643338 643338 
638306 638306 638306 638306 638306 638306 638306 638306 638306 638306 
633448 633448 633448 633448 633448 633448 633448 633448 633448 633448 
628808 628808 628808 628808 628808 628808 628808 628808 628808 628808 
624359 624359 624359 624359 624359 624359 624359 624359 624359 624359 
620168 620168 620168 620168 620168 620168 620168 620168 620168 620168 
616265 616265 616265 616265 616265 616265 616265 616265 616265 616265 
612647 612647 612647 612647 612647 612647 612647 612647 612647 612647 
609365 609365 609365 609365 609365 609365 609365 609365 609365 609365 
606458 606458 606458 606458 606458 606458 606458 606458 606458 606458 
603942 603942 603942 603942 603942 603942 603942 603942 603942 603942 
601844 601844 601844 601844 601844 601844 601844 601844 601844 601844 
600198 600198 600198 600198 600198 600198 600198 600198 600198 600198 
599048 599048 599048 599048 599048 599048 599048 599048 599048 599048 
598382 598382 598382 598382 598382 598382 598382 598382 598382 598382 
598228 598228 598228 598228 598228 598228 598228 598228 598228 598228 
598638 598638 598638 598638 598638 598638 598638 598638 598638 598638 
599606 599606 599606 599606 599606 599606 599606 599606 599606 599606 
601097 601097 601097 601097 601097 601097 601097 601097 601097 601097 
603169 603169 603169 603169 603169 603169 603169 603169 603169 603169 
605791 605791 605791 605791 605791 605791 605791 605791 605791 605791 
608939 608939 608939 608939 608939 608939 608939 608939 608939 608939 
612649 612649 612649 612649 612649 612649 612649 612649 612649 612649 
616850 616850 616850 616850 616850 616850 616850 616850 616850 616850 
621578 621578 621578 621578 621578 621578 621578 621578 621578 621578 
626747 626747 626747 626747 626747 626747 626747 626747 626747 626747 
632375 632375 632375 632375 632375 632375 632375 632375 632375 632375 
638411 638411 638411 638411 638411 638411 638411 638411 638411 638411 
644818 644818 644818 644818 644818 644818 644818 644818 644818 644818 
651569 651569 651569 651569 651569 651569 651569 651569 651569 651569 
658639 658639 658639 658639 658639 658639 658639 658639 658639 658639 
665987 665987 665987 665987 665987 665987 665987 665987 665987 665987 
673600 673600 673600 673600 673600 673600 673600 673600 673600 673600 
681428 681428 681428 681428 681428 681428 681428 681428 681428 681428 
689435 689435 689435 689435 689435 689435 689435 689435 689435 689435 
697610 697610 697610 697610 697610 697610 697610 697610 697610 697610 
705927 705927 705927 705927 705927 705927 705927 705927 705927 705927 
714372 714372 714372 714372 714372 714372 714372 714372 714372 714372 
722899 722899 722899 722899 722899 722899 722899 722899 722899 722899 
731510 731510 731510 731510 731510 731510 731510 731510 731510 731510 
740186 740186 740186 740186 740186 740186 740186 740186 740186 740186 
748936 748936 748936 748936 748936 748936 748936 748936 748936 748936 
757688 757688 757688 757688 757688 757688 757688 757688 757688 757688 
766484 766484 766484 766484 766484 766484 766484 766484 766484 766484 
775321 775321 775321 775321 775321 775321 775321 775321 775321 775321 
784169 784169 784169 784169 784169 784169 784169 784169 784169 784169 
793022 793022 793022 793022 793022 793022 793022 793022 793022 793022 
801912 801912 801912 801912 801912 801912 801912 801912 801912 801912 
810791 810791 810791 810791 810791 810791 810791 810791 810791 810791 
819706 819706 819706 819706 819706 819706 819706 819706 819706 819706 
828627 828627 828627 828627 828627 828627 828627 828627 828627 828627 
837581 837581 837581 837581 837581 837581 837581 837581 837581 837581 
846556 846556 846556 846556 846556 846556 846556 846556 846556 846556 
855555 855555 855555 855555 855555 855555 855555 855555 855555 855555 
864595 864595 864595 864595 864595 864595 864595 864595 864595 864595 
873666 873666 873666 873666 873666 873666 873666 873666 873666 873666 
882839 882839 882839 882839 882839 882839 882839 882839 882839 882839 
892037 892037 892037 892037 892037 892037 892037 892037 892037 892037 
901310 901310 901310 901310 901310 901310 901310 901310 901310 901310 
910666 910666 910666 910666 910666 910666 910666 910666 910666 910666 
920101 920101 920101 920101 920101 920101 920101 920101 920101 920101 
929648 929648 929648 929648 929648 929648 929648 929648 929648 929648 
939288 939288 939288 939288 939288 939288 939288 939288 939288 939288 
949074 949074 949074 949074 949074 949074 949074 949074 949074 949074 
958974 958974 958974 958974 958974 958974 958974 958974 958974 958974 
969010 969010 969010 969010 969010 969010 969010 969010 969010 969010 
979208 979208 979208 979208 979208 979208 979208 979208 979208 979208 
989563 989563 989563 989563 989563 989563 989563 989563 989563 989563 
1000058 1000058 1000058 1000058 1000058 1000058 1000058 1000058 1000058 1000058 
1010760 1010760 1010760 1010760 1010760 1010760 1010760 1010760 1010760 1010760 
1021631 1021631 1021631 1021631 1021631 1021631 1021631 1021631 1021631 1021631 
1032706 1032706 1032706 1032706 1032706 1032706 1032706 1032706 1032706 1032706 
1043950 1043950 1043950 1043950 1043950 1043950 1043950 1043950 1043950 1043950 
1055398 1055398 1055398 1055398 1055398 1055398 1055398 1055398 1055398 1055398 
1067018 1067018 1067018 1067018 1067018 1067018 1067018 1067018 1067018 1067018 
1078862 1078862 1078862 1078862 1078862 1078862 1078862 1078862 1078862 1078862 
1090890 1090890 1090890 1090890 1090890 1090890 1090890 1090890 1090890 1090890 
1103126 1103126 1103126 1103126 1103126 1103126 1103126 1103126 1103126 1103126 
1115521 1115521 1115521 1115521 1115521 1115521 1115521 1115521 1115521 1115521 
1128102 1128102 1128102 1128102 1128102 1128102 1128102 1128102 1128102 1128102 
1140835 1140835 1140835 1140835 1140835 1140835 1140835 1140835 1140835 1140835 
1153715 1153715 1153715 1153715 1153715 1153715 1153715 1153715 1153715 1153715 
1166722 1166722 1166722 1166722 1166722 1166722 1166722 1166722 1166722 1166722 
1179843 1179843 1179843 1179843 1179843 1179843 1179843 1179843 1179843 1179843 
1193044 1193044 1193044 1193044 1193044 1193044 1193044 1193044 1193044 1193044 
1206323 1206323 1206323 1206323 1206323 1206323 1206323 1206323 1206323 1206323 
1219641 1219641 1219641 1219641 1219641 1219641 1219641 1219641 1219641 1219641 
1232949 1232949 1232949 1232949 1232949 1232949 1232949 1232949 1232949 1232949 
1246262 1246262 1246262 1246262 1246262 1246262 1246262 1246262 1246262 1246262 
1259523 1259523 1259523 1259523 1259523 1259523 1259523 1259523 1259523 1259523 
1272715 1272715 1272715 1272715 1272715 1272715 1272715 1272715 1272715 1272715 
1285826 1285826 1285826 1285826 1285826 1285826 1285826 1285826 1285826 1285826 
1298816 1298816 1298816 1298816 1298816 1298816 1298816 1298816 1298816 1298816 
1311654 1311654 1311654 1311654 1311654 1311654 1311654 1311654 1311654 1311654 
1324345 1324345 1324345 1324345 1324345 1324345 1324345 1324345 1324345 1324345 
1336890 1336890 1336890 1336890 1336890 1336890 1336890 1336890 1336890 1336890 
1349294 1349294 1349294 1349294 1349294 1349294 1349294 1349294 1349294 1349294 
1361526 1361526 1361526 1361526 1361526 1361526 1361526 1361526 1361526 1361526 
1373663 1373663 1373663 1373663 1373663 1373663 1373663 1373663 1373663 1373663 
1385703 1385703 1385703 1385703 1385703 1385703 1385703 1385703 1385703 1385703 
1397692 1397692 1397692 1397692 1397692 1397692 1397692 1397692 1397692 1397692 
1409724 1409724 1409724 1409724 1409724 1409724 1409724 1409724 1409724 1409724 
1421822 1421822 1421822 1421822 1421822 1421822 1421822 1421822 1421822 1421822 
1434085 1434085 1434085 1434085 1434085 1434085 1434085 1434085 1434085 1434085 
1446667 1446667 1446667 1446667 1446667 1446667 1446667 1446667 1446667 1446667 
1459648 1459648 1459648 1459648 1459648 1459648 1459648 1459648 1459648 1459648 
1473189 1473189 1473189 1473189 1473189 1473189 1473189 1473189 1473189 1473189 
1487437 1487437 1487437 1487437 1487437 1487437 1487437 1487437 1487437 1487437 
1502597 1502597 1502597 1502597 1502597 1502597 1502597 1502597 1502597 1502597 
1518856 1518856 1518856 1518856 1518856 1518856 1518856 1518856 1518856 1518856 
1536443 1536443 1536443 1536443 1536443 1536443 1536443 1536443 1536443 1536443 
1555629 1555629 1555629 1555629 1555629 1555629 1555629 1555629 1555629 1555629 
1576683 1576683 1576683 1576683 1576683 1576683 1576683 1576683 1576683 1576683 
1599921 1599921 1599921 1599921 1599921 1599921 1599921 1599921 1599921 1599921 
1625657 1625657 1625657 1625657 1625657 1625657 1625657 1625657 1625657 1625657 
1654263 1654263 1654263 1654263 1654263 1654263 1654263 1654263 1654263 1654263 
1686137 1686137 1686137 1686137 1686137 1686137 1686137 1686137 1686137 1686137 
1721715 1721715 1721715 1721715 1721715 1721715 1721715 1721715 1721715 1721715 
1761394 1761394 1761394 1761394 1761394 1761394 1761394 1761394 1761394 1761394 
1805625 1805625 1805625 1805625 1805625 1805625 1805625 1805625 1805625 1805625 
1854838 1854838 1854838 1854838 1854838 1854838 1854838 1854838 1854838 1854838 
1909397 1909397 1909397 1909397 1909397 1909397 1909397 1909397 1909397 1909397 
1969612 1969612 1969612 1969612 1969612 1969612 1969612 1969612 1969612 1969612 
2035581 2035581 2035581 2035581 2035581 2035581 2035581 2035581 2035581 2035581 
2107193 2107193 2107193 2107193 2107193 2107193 2107193 2107193 2107193 2107193 
2183969 2183969 2183969 2183969 2183969 2183969 2183969 2183969 2183969 2183969 
2264969 2264969 2264969 2264969 2264969 2264969 2264969 2264969 2264969 2264969 
2348575 2348575 2348575 2348575 2348575 2348575 2348575 2348575 2348575 2348575 
2432492 2432492 2432492 2432492 2432492 2432492 2432492 2432492 2432492 2432492 
2513585 2513585 2513585 2513585 2513585 2513585 2513585 2513585 2513585 2513585 
2588058 2588058 2588058 2588058 2588058 2588058 2588058 2588058 2588058 2588058 
2651577 2651577 2651577 2651577 2651577 2651577 2651577 2651577 2651577 2651577 
2699852 2699852 2699852 2699852 2699852 2699852 2699852 2699852 2699852 2699852 
2729109 2729109 2729109 2729109 2729109 2729109 2729109 2729109 2729109 2729109 
2736794 2736794 2736794 2736794 2736794 2736794 2736794 2736794 2736794 2736794 
2721998 2721998 2721998 2721998 2721998 2721998 2721998 2721998 2721998 2721998 
2685661 2685661 2685661 2685661 2685661 2685661 2685661 2685661 2685661 2685661 
2630384 2630384 2630384 2630384 2630384 2630384 2630384 2630384 2630384 2630384 
2559979 2559979 2559979 2559979 2559979 2559979 2559979 2559979 2559979 2559979 
2478830 2478830 2478830 2478830 2478830 2478830 2478830 2478830 2478830 2478830 
2391254 2391254 2391254 2391254 2391254 2391254 2391254 2391254 2391254 2391254 
2301150 2301150 2301150 2301150 2301150 2301150 2301150 2301150 2301150 2301150 
2211641 2211641 2211641 2211641 2211641 2211641 2211641 2211641 2211641 2211641 
2125141 2125141 2125141 2125141 2125141 2125141 2125141 2125141 2125141 2125141 
2043286 2043286 2043286 2043286 2043286 2043286 2043286 2043286 2043286 2043286 
1967068 1967068 1967068 1967068 1967068 1967068 1967068 1967068 1967068 1967068 
1897061 1897061 1897061 1897061 1897061 1897061 1897061 1897061 1897061 1897061 
1833416 1833416 1833416 1833416 1833416 1833416 1833416 1833416 1833416 1833416 
1776106 1776106 1776106 1776106 1776106 1776106 1776106 1776106 1776106 1776106 
1724910 1724910 1724910 1724910 1724910 1724910 1724910 1724910 1724910 1724910 
1679531 1679531 1679531 1679531 1679531 1679531 1679531 1679531 1679531 1679531 
1639627 1639627 1639627 1639627 1639627 1639627 1639627 1639627 1639627 1639627 
1604837 1604837 1604837 1604837 1604837 1604837 1604837 1604837 1604837 1604837 
1574858 1574858 1574858 1574858 1574858 1574858 1574858 1574858 1574858 1574858 
1549346 1549346 1549346 1549346 1549346 1549346 1549346 1549346 1549346 1549346 
1527997 1527997 1527997 1527997 1527997 1527997 1527997 1527997 1527997 1527997 
1510557 1510557 1510557 1510557 1510557 1510557 1510557 1510557 1510557 1510557 
1496772 1496772 1496772 1496772 1496772 1496772 1496772 1496772 1496772 1496772 
1486479 1486479 1486479 1486479 1486479 1486479 1486479 1486479 1486479 1486479 
1479448 1479448 1479448 1479448 1479448 1479448 1479448 1479448 1479448 1479448 
1475532 1475532 1475532 1475532 1475532 1475532 1475532 1475532 1475532 1475532 
1474582 1474582 1474582 1474582 1474582 1474582 1474582 1474582 1474582 1474582 
1476455 1476455 1476455 1476455 1476455 1476455 1476455 1476455 1476455 1476455 
1481001 1481001 1481001 1481001 1481001 1481001 1481001 1481001 1481001 1481001 
1488092 1488092 1488092 1488092 1488092 1488092 1488092 1488092 1488092 1488092 
1497567 1497567 1497567 1497567 1497567 1497567 1497567 1497567 1497567 1497567 
1509253 1509253 1509253 1509253 1509253 1509253 1509253 1509253 1509253 1509253 
1522964 1522964 1522964 1522964 1522964 1522964 1522964 1522964 1522964 1522964 
1538483 1538483 1538483 1538483 1538483 1538483 1538483 1538483 1538483 1538483 
1555509 1555509 1555509 1555509 1555509 1555509 1555509 1555509 1555509 1555509 
1573736 1573736 1573736 1573736 1573736 1573736 1573736 1573736 1573736 1573736 
1592793 1592793 1592793 1592793 1592793 1592793 1592793 1592793 1592793 1592793 
1612221 1612221 1612221 1612221 1612221 1612221 1612221 1612221 1612221 1612221 
1631556 1631556 1631556 1631556 1631556 1631556 1631556 1631556 1631556 1631556 
1650221 1650221 1650221 1650221 1650221 1650221 1650221 1650221 1650221 1650221 
1667642 1667642 1667642 1667642 1667642 1667642 1667642 1667642 1667642 1667642 
1683182 1683182 1683182 1683182 1683182 1683182 1683182 1683182 1683182 1683182 
1696233 1696233 1696233 1696233 1696233 1696233 1696233 1696233 1696233 1696233 
1706140 1706140 1706140 1706140 1706140 1706140 1706140 1706140 1706140 1706140 
1712367 1712367 1712367 1712367 1712367 1712367 1712367 1712367 1712367 1712367 
1714401 1714401 1714401 1714401 1714401 1714401 1714401 1714401 1714401 1714401 
1711903 1711903 1711903 1711903 1711903 1711903 1711903 1711903 1711903 1711903 
1704634 1704634 1704634 1704634 1704634 1704634 1704634 1704634 1704634 1704634 
1692457 1692457 1692457 1692457 1692457 1692457 1692457 1692457 1692457 1692457 
1675470 1675470 1675470 1675470 1675470 1675470 1675470 1675470 1675470 1675470 
1653900 1653900 1653900 1653900 1653900 1653900 1653900 1653900 1653900 1653900 
1628085 1628085 1628085 1628085 1628085 1628085 1628085 1628085 1628085 1628085 
1598480 1598480 1598480 1598480 1598480 1598480 1598480 1598480 1598480 1598480 
1565646 1565646 1565646 1565646 1565646 1565646 1565646 1565646 1565646 1565646 
1530151 1530151 1530151 1530151 1530151 1530151 1530151 1530151 1530151 1530151 
1492616 1492616 1492616 1492616 1492616 1492616 1492616 1492616 1492616 1492616 
1453608 1453608 1453608 1453608 1453608 1453608 1453608 1453608 1453608 1453608 
1413698 1413698 1413698 1413698 1413698 1413698 1413698 1413698 1413698 1413698 
1373419 1373419 1373419 1373419 1373419 1373419 1373419 1373419 1373419 1373419 
1333190 1333190 1333190 1333190 1333190 1333190 1333190 1333190 1333190 1333190 
1293413 1293413 1293413 1293413 1293413 1293413 1293413 1293413 1293413 1293413 
1254402 1254402 1254402 1254402 1254402 1254402 1254402 1254402 1254402 1254402 
1216406 1216406 1216406 1216406 1216406 1216406 1216406 1216406 1216406 1216406 
1179641 1179641 1179641 1179641 1179641 1179641 1179641 1179641 1179641 1179641 
1144252 1144252 1144252 1144252 1144252 1144252 1144252 1144252 1144252 1144252 
1110345 1110345 1110345 1110345 1110345 1110345 1110345 1110345 1110345 1110345 
1078008 1078008 1078008 1078008 1078008 1078008 1078008 1078008 1078008 1078008 
1047259 1047259 1047259 1047259 1047259 1047259 1047259 1047259 1047259 1047259 
1018112 1018112 1018112 1018112 1018112 1018112 1018112 1018112 1018112 1018112 
990557 990557 990557 990557 990557 990557 990557 990557 990557 990557 
964598 964598 964598 964598 964598 964598 964598 964598 964598 964598 
940179 940179 940179 940179 940179 940179 940179 940179 940179 940179 
917250 917250 917250 917250 917250 917250 917250 917250 917250 917250 
895783 895783 895783 895783 895783 895783 895783 895783 895783 895783 
875718 875718 875718 875718 875718 875718 875718 875718 875718 875718 
856976 856976 856976 856976 856976 856976 856976 856976 856976 856976 
839544 839544 839544 839544 839544 839544 839544 839544 839544 839544 
823354 823354 823354 823354 823354 823354 823354 823354 823354 823354 
808348 808348 808348 808348 808348 808348 808348 808348 808348 808348 
794446 794446 794446 794446 794446 794446 794446 794446 794446 794446 
781616 781616 781616 781616 781616 781616 781616 781616 781616 781616 
769835 769835 769835 769835 769835 769835 769835 769835 769835 769835 
759008 759008 759008 759008 759008 759008 759008 759008 759008 759008 
749127 749127 749127 749127 749127 749127 749127 749127 749127 749127 
740109 740109 740109 740109 740109 740109 740109 740109 740109 740109 
731949 731949 731949 731949 731949 731949 731949 731949 731949 731949 
724597 724597 724597 724597 724597 724597 724597 724597 724597 724597 
718009 718009 718009 718009 718009 718009 718009 718009 718009 718009 
712156 712156 712156 712156 712156 712156 712156 712156 712156 712156 
706990 706990 706990 706990 706990 706990 706990 706990 706990 706990 
702480 702480 702480 702480 702480 702480 702480 702480 702480 702480 
698609 698609 698609 698609 698609 698609 698609 698609 698609 698609 
695358 695358 695358 695358 695358 695358 695358 695358 695358 695358 
692679 692679 692679 692679 692679 692679 692679 692679 692679 692679 
690552 690552 690552 690552 690552 690552 690552 690552 690552 690552 
688955 688955 688955 688955 688955 688955 688955 688955 688955 688955 
687837 687837 687837 687837 687837 687837 687837 687837 687837 687837 
687217 687217 687217 687217 687217 687217 687217 687217 687217 687217 
687055 687055 687055 687055 687055 687055 687055 687055 687055 687055 
687332 687332 687332 687332 687332 687332 687332 687332 687332 687332 
688038 688038 688038 688038 688038 688038 688038 688038 688038 688038 
689142 689142 689142 689142 689142 689142 689142 689142 689142 689142 
690619 690619 690619 690619 690619 690619 690619 690619 690619 690619 
692455 692455 692455 692455 692455 692455 692455 692455 692455 692455 
694665 694665 694665 694665 694665 694665 694665 694665 694665 694665 
697188 697188 697188 697188 697188 697188 697188 697188 697188 697188 
700035 700035 700035 700035 700035 700035 700035 700035 700035 700035 
703189 703189 703189 703189 703189 703189 703189 703189 703189 703189 
706647 706647 706647 706647 706647 706647 706647 706647 706647 706647 
710373 710373 710373 710373 710373 710373 710373 710373 710373 710373 
714385 714385 714385 714385 714385 714385 714385 714385 714385 714385 
718633 718633 718633 718633 718633 718633 718633 718633 718633 718633 
723144 723144 723144 723144 723144 723144 723144 723144 723144 723144 
727878 727878 727878 727878 727878 727878 727878 727878 727878 727878 
732857 732857 732857 732857 732857 732857 732857 732857 732857 732857 
738034 738034 738034 738034 738034 738034 738034 738034 738034 738034 
743457 743457 743457 743457 743457 743457 743457 743457 743457 743457 
749053 749053 749053 749053 749053 749053 749053 749053 749053 749053 
754862 754862 754862 754862 754862 754862 754862 754862 754862 754862 
760860 760860 760860 760860 760860 760860 760860 760860 760860 760860 
767032 767032 767032 767032 767032 767032 767032 767032 767032 767032 
773386 773386 773386 773386 773386 773386 773386 773386 773386 773386 
779911 779911 779911 779911 779911 779911 779911 779911 779911 779911 
786615 786615 786615 786615 786615 786615 786615 786615 786615 786615 
793465 793465 793465 793465 793465 793465 793465 793465 793465 793465 
800481 800481 800481 800481 800481 800481 800481 800481 800481 800481 
807670 807670 807670 807670 807670 807670 807670 807670 807670 807670 
814986 814986 814986 814986 814986 814986 814986 814986 814986 814986 
822449 822449 822449 822449 822449 822449 822449 822449 822449 822449 
830078 830078 830078 830078 830078 830078 830078 830078 830078 830078 
837825 837825 837825 837825 837825 837825 837825 837825 837825 837825 
845750 845750 845750 845750 845750 845750 845750 845750 845750 845750 
853805 853805 853805 853805 853805 853805 853805 853805 853805 853805 
861988 861988 861988 861988 861988 861988 861988 861988 861988 861988 
870306 870306 870306 870306 870306 870306 870306 870306 870306 870306 
878786 878786 878786 878786 878786 878786 878786 878786 878786 878786 
887365 887365 887365 887365 887365 887365 887365 887365 887365 887365 
896128 896128 896128 896128 896128 896128 896128 896128 896128 896128 
905009 905009 905009 905009 905009 905009 905009 905009 905009 905009 
914018 914018 914018 914018 914018 914018 914018 914018 914018 914018 
923177 923177 923177 923177 923177 923177 923177 923177 923177 923177 
932460 932460 932460 932460 932460 932460 932460 932460 932460 932460 
941900 941900 941900 941900 941900 941900 941900 941900 941900 941900 
951468 951468 951468 951468 951468 951468 951468 951468 951468 951468 
961187 961187 961187 961187 961187 961187 961187 961187 961187 961187 
971045 971045 971045 971045 971045 971045 971045 971045 971045 971045 
981034 981034 981034 981034 981034 981034 981034 981034 981034 981034 
991211 991211 991211 991211 991211 991211 991211 991211 991211 991211 
1001487 1001487 1001487 1001487 1001487 1001487 1001487 1001487 1001487 1001487 
1011919 1011919 1011919 1011919 1011919 1011919 1011919 1011919 1011919 1011919 
1022513 1022513 1022513 1022513 1022513 1022513 1022513 1022513 1022513 1022513 
1033267 1033267 1033267 1033267 1033267 1033267 1033267 1033267 1033267 1033267 
1044148 1044148 1044148 1044148 1044148 1044148 1044148 1044148 1044148 1044148 
1055190 1055190 1055190 1055190 1055190 1055190 1055190 1055190 1055190 1055190 
1066367 1066367 1066367 1066367 1066367 1066367 1066367 1066367 1066367 1066367 
1077706 1077706 1077706 1077706 1077706 1077706 1077706 1077706 1077706 1077706 
1089191 1089191 1089191 1089191 1089191 1089191 1089191 1089191 1089191 1089191 
1100827 1100827 1100827 1100827 1100827 1100827 1100827 1100827 1100827 1100827 
1112586 1112586 1112586 1112586 1112586 1112586 1112586 1112586 1112586 1112586 
1124502 1124502 1124502 1124502 1124502 1124502 1124502 1124502 1124502 1124502 
1136544 1136544 1136544 1136544 1136544 1136544 1136544 1136544 1136544 1136544 
1148710 1148710 1148710 1148710 1148710 1148710 1148710 1148710 1148710 1148710 
1160996 1160996 1160996 1160996 1160996 1160996 1160996 1160996 1160996 1160996 
1173402 1173402 1173402 1173402 1173402 1173402 1173402 1173402 1173402 1173402 
1185911 1185911 1185911 1185911 1185911 1185911 1185911 1185911 1185911 1185911 
1198514 1198514 1198514 1198514 1198514 1198514 1198514 1198514 1198514 1198514 
1211191 1211191 1211191 1211191 1211191 1211191 1211191 1211191 1211191 1211191 
1223937 1223937 1223937 1223937 1223937 1223937 1223937 1223937 1223937 1223937 
1236744 1236744 1236744 1236744 1236744 1236744 1236744 1236744 1236744 1236744 
1249586 1249586 1249586 1249586 1249586 1249586 1249586 1249586 1249586 1249586 
1262465 1262465 1262465 1262465 1262465 1262465 1262465 1262465 1262465 1262465 
1275357 1275357 1275357 1275357 1275357 1275357 1275357 1275357 1275357 1275357 
1288232 1288232 1288232 1288232 1288232 1288232 1288232 1288232 1288232 1288232 
1301072 1301072 1301072 1301072 1301072 1301072 1301072 1301072 1301072 1301072 
1313870 1313870 1313870 1313870 1313870 1313870 1313870 1313870 1313870 1313870 
1326605 1326605 1326605 1326605 1326605 1326605 1326605 1326605 1326605 1326605 
1339264 1339264 1339264 1339264 1339264 1339264 1339264 1339264 1339264 1339264 
1351820 1351820 1351820 1351820 1351820 1351820 1351820 1351820 1351820 1351820 
1364273 1364273 1364273 1364273 1364273 1364273 1364273 1364273 1364273 1364273 
1376580 1376580 1376580 1376580 1376580 1376580 1376580 1376580 1376580 1376580 
1388756 1388756 1388756 1388756 1388756 1388756 1388756 1388756 1388756 1388756 
1400808 1400808 1400808 1400808 1400808 1400808 1400808 1400808 1400808 1400808 
1412681 1412681 1412681 1412681 1412681 1412681 1412681 1412681 1412681 1412681 
1424404 1424404 1424404 1424404 1424404 1424404 1424404 1424404 1424404 1424404 
1435961 1435961 1435961 1435961 1435961 1435961 1435961 1435961 1435961 1435961 
1447380 1447380 1447380 1447380 1447380 1447380 1447380 1447380 1447380 1447380 
1458662 1458662 1458662 1458662 1458662 1458662 1458662 1458662 1458662 1458662 
1469806 1469806 1469806 1469806 1469806 1469806 1469806 1469806 1469806 1469806 
1480855 1480855 1480855 1480855 1480855 1480855 1480855 1480855 1480855 1480855 
1491802 1491802 1491802 1491802 1491802 1491802 1491802 1491802 1491802 1491802 
1502725 1502725 1502725 1502725 1502725 1502725 1502725 1502725 1502725 1502725 
1513602 1513602 1513602 1513602 1513602 1513602 1513602 1513602 1513602 1513602 
1524510 1524510 1524510 1524510 1524510 1524510 1524510 1524510 1524510 1524510 
1535479 1535479 1535479 1535479 1535479 1535479 1535479 1535479 1535479 1535479 
1546562 1546562 1546562 1546562 1546562 1546562 1546562 1546562 1546562 1546562 
1557801 1557801 1557801 1557801 1557801 1557801 1557801 1557801 1557801 1557801 
1569285 1569285 1569285 1569285 1569285 1569285 1569285 1569285 1569285 1569285 
1581046 1581046 1581046 1581046 1581046 1581046 1581046 1581046 1581046 1581046 
1593147 1593147 1593147 1593147 1593147 1593147 1593147 1593147 1593147 1593147 
1605683 1605683 1605683 1605683 1605683 1605683 1605683 1605683 1605683 1605683 
1618691 1618691 1618691 1618691 1618691 1618691 1618691 1618691 1618691 1618691 
1632267 1632267 1632267 1632267 1632267 1632267 1632267 1632267 1632267 1632267 
1646467 1646467 1646467 1646467 1646467 1646467 1646467 1646467 1646467 1646467 
1661405 1661405 1661405 1661405 1661405 1661405 1661405 1661405 1661405 1661405 
1677118 1677118 1677118 1677118 1677118 1677118 1677118 1677118 1677118 1677118 
1693713 1693713 1693713 1693713 1693713 1693713 1693713 1693713 1693713 1693713 
1711259 1711259 1711259 1711259 1711259 1711259 1711259 1711259 1711259 1711259 
1729811 1729811 1729811 1729811 1729811 1729811 1729811 1729811 1729811 1729811 
1749492 1749492 1749492 1749492 1749492 1749492 1749492 1749492 1749492 1749492 
1770333 1770333 1770333 1770333 1770333 1770333 1770333 1770333 1770333 1770333 
1792430 1792430 1792430 1792430 1792430 1792430 1792430 1792430 1792430 1792430 
1815842 1815842 1815842 1815842 1815842 1815842 1815842 1815842 1815842 1815842 
1840629 1840629 1840629 1840629 1840629 1840629 1840629 1840629 1840629 1840629 
1866840 1866840 1866840 1866840 1866840 1866840 1866840 1866840 1866840 1866840 
1894521 1894521 1894521 1894521 1894521 1894521 1894521 1894521 1894521 1894521 
1923699 1923699 1923699 1923699 1923699 1923699 1923699 1923699 1923699 1923699 
1954366 1954366 1954366 1954366 1954366 1954366 1954366 1954366 1954366 1954366 
1986538 1986538 1986538 1986538 1986538 1986538 1986538 1986538 1986538 1986538 
2020173 2020173 2020173 2020173 2020173 2020173 2020173 2020173 2020173 2020173 
2055181 2055181 2055181 2055181 2055181 2055181 2055181 2055181 2055181 2055181 
2091489 2091489 2091489 2091489 2091489 2091489 2091489 2091489 2091489 2091489 
2128940 2128940 2128940 2128940 2128940 2128940 2128940 2128940 2128940 2128940 
2167343 2167343 2167343 2167343 2167343 2167343 2167343 2167343 2167343 2167343 
2206475 2206475 2206475 2206475 2206475 2206475 2206475 2206475 2206475 2206475 
2246046 2246046 2246046 2246046 2246046 2246046 2246046 2246046 2246046 2246046 
2285715 2285715 2285715 2285715 2285715 2285715 2285715 2285715 2285715 2285715 
2325088 2325088 2325088 2325088 2325088 2325088 2325088 2325088 2325088 2325088 
2363711 2363711 2363711 2363711 2363711 2363711 2363711 2363711 2363711 2363711 
2401097 2401097 2401097 2401097 2401097 2401097 2401097 2401097 2401097 2401097 
2436754 2436754 2436754 2436754 2436754 2436754 2436754 2436754 2436754 2436754 
2470133 2470133 2470133 2470133 2470133 2470133 2470133 2470133 2470133 2470133 
2500698 2500698 2500698 2500698 2500698 2500698 2500698 2500698 2500698 2500698 
2527992 2527992 2527992 2527992 2527992 2527992 2527992 2527992 2527992 2527992 
2551509 2551509 2551509 2551509 2551509 2551509 2551509 2551509 2551509 2551509 
2570895 2570895 2570895 2570895 2570895 2570895 2570895 2570895 2570895 2570895 
2585869 2585869 2585869 2585869 2585869 2585869 2585869 2585869 2585869 2585869 
2596287 2596287 2596287 2596287 2596287 2596287 2596287 2596287 2596287 2596287 
2602091 2602091 2602091 2602091 2602091 2602091 2602091 2602091 2602091 2602091 
2603346 2603346 2603346 2603346 2603346 2603346 2603346 2603346 2603346 2603346 
2600272 2600272 2600272 2600272 2600272 2600272 2600272 2600272 2600272 2600272 
2593231 2593231 2593231 2593231 2593231 2593231 2593231 2593231 2593231 2593231 
2582590 2582590 2582590 2582590 2582590 2582590 2582590 2582590 2582590 2582590 
2568885 2568885 2568885 2568885 2568885 2568885 2568885 2568885 2568885 2568885 
2552648 2552648 2552648 2552648 2552648 2552648 2552648 2552648 2552648 2552648 
2534471 2534471 2534471 2534471 2534471 2534471 2534471 2534471 2534471 2534471 
2514905 2514905 2514905 2514905 2514905 2514905 2514905 2514905 2514905 2514905 
2494558 2494558 2494558 2494558 2494558 2494558 2494558 2494558 2494558 2494558 
2473949 2473949 2473949 2473949 2473949 2473949 2473949 2473949 2473949 2473949 
2453568 2453568 2453568 2453568 2453568 2453568 2453568 2453568 2453568 2453568 
2433902 2433902 2433902 2433902 2433902 2433902 2433902 2433902 2433902 2433902 
2415334 2415334 2415334 2415334 2415334 2415334 2415334 2415334 2415334 2415334 
2398210 2398210 2398210 2398210 2398210 2398210 2398210 2398210 2398210 2398210 
2382884 2382884 2382884 2382884 2382884 2382884 2382884 2382884 2382884 2382884 
2369580 2369580 2369580 2369580 2369580 2369580 2369580 2369580 2369580 2369580 
2358574 2358574 2358574 2358574 2358574 2358574 2358574 2358574 2358574 2358574 
2350015 2350015 2350015 2350015 2350015 2350015 2350015 2350015 2350015 2350015 
2344139 2344139 2344139 2344139 2344139 2344139 2344139 2344139 2344139 2344139 
2341031 2341031 2341031 2341031 2341031 2341031 2341031 2341031 2341031 2341031 
2340910 2340910 2340910 2340910 2340910 2340910 2340910 2340910 2340910 2340910 
2343884 2343884 2343884 2343884 2343884 2343884 2343884 2343884 2343884 2343884 
2350071 2350071 2350071 2350071 2350071 2350071 2350071 2350071 2350071 2350071 
2359675 2359675 2359675 2359675 2359675 2359675 2359675 2359675 2359675 2359675 
2372818 2372818 2372818 2372818 2372818 2372818 2372818 2372818 2372818 2372818 
2389735 2389735 2389735 2389735 2389735 2389735 2389735 2389735 2389735 2389735 
2410604 2410604 2410604 2410604 2410604 2410604 2410604 2410604 2410604 2410604 
2435701 2435701 2435701 2435701 2435701 2435701 2435701 2435701 2435701 2435701 
2465300 2465300 2465300 2465300 2465300 2465300 2465300 2465300 2465300 2465300 
2499758 2499758 2499758 2499758 2499758 2499758 2499758 2499758 2499758 2499758 
2539456 2539456 2539456 2539456 2539456 2539456 2539456 2539456 2539456 2539456 
2584919 2584919 2584919 2584919 2584919 2584919 2584919 2584919 2584919 2584919 
2636666 2636666 2636666 2636666 2636666 2636666 2636666 2636666 2636666 2636666 
2695334 2695334 2695334 2695334 2695334 2695334 2695334 2695334 2695334 2695334 
2761680 2761680 2761680 2761680 2761680 2761680 2761680 2761680 2761680 2761680 
2836562 2836562 2836562 2836562 2836562 2836562 2836562 2836562 2836562 2836562 
2920991 2920991 2920991 2920991 2920991 2920991 2920991 2920991 2920991 2920991 
3016082 3016082 3016082 3016082 3016082 3016082 3016082 3016082 3016082 3016082 
3123166 3123166 3123166 3123166 3123166 3123166 3123166 3123166 3123166 3123166 
3243650 3243650 3243650 3243650 3243650 3243650 3243650 3243650 3243650 3243650 
3379189 3379189 3379189 3379189 3379189 3379189 3379189 3379189 3379189 3379189 
3531554 3531554 3531554 3531554 3531554 3531554 3531554 3531554 3531554 3531554 
3702689 3702689 3702689 3702689 3702689 3702689 3702689 3702689 3702689 3702689 
3894576 3894576 3894576 3894576 3894576 3894576 3894576 3894576 3894576 3894576 
4109175 4109175 4109175 4109175 4109175 4109175 4109175 4109175 4109175 4109175 
4348284 4348284 4348284 4348284 4348284 4348284 4348284 4348284 4348284 4348284 
4613243 4613243 4613243 4613243 4613243 4613243 4613243 4613243 4613243 4613243 
4904606 4904606 4904606 4904606 4904606 4904606 4904606 4904606 4904606 4904606 
5221536 5221536 5221536 5221536 5221536 5221536 5221536 5221536 5221536 5221536 
5561270 5561270 5561270 5561270 5561270 5561270 5561270 5561270 5561270 5561270 
5918204 5918204 5918204 5918204 5918204 5918204 5918204 5918204 5918204 5918204 
6283213 6283213 6283213 6283213 6283213 6283213 6283213 6283213 6283213 6283213 
6642969 6642969 6642969 6642969 6642969 6642969 6642969 6642969 6642969 6642969 
6979988 6979988 6979988 6979988 6979988 6979988 6979988 6979988 6979988 6979988 
7273503 7273503 7273503 7273503 7273503 7273503 7273503 7273503 7273503 7273503 
7501622 7501622 7501622 7501622 7501622 7501622 7501622 7501622 7501622 7501622 
7644628 7644628 7644628 7644628 7644628 7644628 7644628 7644628 7644628 7644628 
7688685 7688685 7688685 7688685 7688685 7688685 7688685 7688685 7688685 7688685 
7628775 7628775 7628775 7628775 7628775 7628775 7628775 7628775 7628775 7628775 
7469940 7469940 7469940 7469940 7469940 7469940 7469940 7469940 7469940 7469940 
7226039 7226039 7226039 7226039 7226039 7226039 7226039 7226039 7226039 7226039 
6916807 6916807 6916807 6916807 6916807 6916807 6916807 6916807 6916807 6916807 
6564136 6564136 6564136 6564136 6564136 6564136 6564136 6564136 6564136 6564136 
6188817 6188817 6188817 6188817 6188817 6188817 6188817 6188817 6188817 6188817 
5808348 5808348 5808348 5808348 5808348 5808348 5808348 5808348 5808348 5808348 
5436099 5436099 5436099 5436099 5436099 5436099 5436099 5436099 5436099 5436099 
5081218 5081218 5081218 5081218 5081218 5081218 5081218 5081218 5081218 5081218 
4749294 4749294 4749294 4749294 4749294 4749294 4749294 4749294 4749294 4749294 
4443142 4443142 4443142 4443142 4443142 4443142 4443142 4443142 4443142 4443142 
4163558 4163558 4163558 4163558 4163558 4163558 4163558 4163558 4163558 4163558 
3910046 3910046 3910046 3910046 3910046 3910046 3910046 3910046 3910046 3910046 
3681274 3681274 3681274 3681274 3681274 3681274 3681274 3681274 3681274 3681274 
3475437 3475437 3475437 3475437 3475437 3475437 3475437 3475437 3475437 3475437 
3290555 3290555 3290555 3290555 3290555 3290555 3290555 3290555 3290555 3290555 
3124667 3124667 3124667 3124667 3124667 3124667 3124667 3124667 3124667 3124667 
2975811 2975811 2975811 2975811 2975811 2975811 2975811 2975811 2975811 2975811 
2842190 2842190 2842190 2842190 2842190 2842190 2842190 2842190 2842190 2842190 
2722175 2722175 2722175 2722175 2722175 2722175 2722175 2722175 2722175 2722175 
2614257 2614257 2614257 2614257 2614257 2614257 2614257 2614257 2614257 2614257 
2517115 2517115 2517115 2517115 2517115 2517115 2517115 2517115 2517115 2517115 
2429570 2429570 2429570 2429570 2429570 2429570 2429570 2429570 2429570 2429570 
2350544 2350544 2350544 2350544 2350544 2350544 2350544 2350544 2350544 2350544 
2279148 2279148 2279148 2279148 2279148 2279148 2279148 2279148 2279148 2279148 
2214557 2214557 2214557 2214557 2214557 2214557 2214557 2214557 2214557 2214557 
2156039 2156039 2156039 2156039 2156039 2156039 2156039 2156039 2156039 2156039 
2102961 2102961 2102961 2102961 2102961 2102961 2102961 2102961 2102961 2102961 
2054770 2054770 2054770 2054770 2054770 2054770 2054770 2054770 2054770 2054770 
2010986 2010986 2010986 2010986 2010986 2010986 2010986 2010986 2010986 2010986 
1971147 1971147 1971147 1971147 1971147 1971147 1971147 1971147 1971147 1971147 
1934871 1934871 1934871 1934871 1934871 1934871 1934871 1934871 1934871 1934871 
1901801 1901801 1901801 1901801 1901801 1901801 1901801 1901801 1901801 1901801 
1871616 1871616 1871616 1871616 1871616 1871616 1871616 1871616 1871616 1871616 
1844070 1844070 1844070 1844070 1844070 1844070 1844070 1844070 1844070 1844070 
1818880 1818880 1818880 1818880 1818880 1818880 1818880 1818880 1818880 1818880 
1795847 1795847 1795847 1795847 1795847 1795847 1795847 1795847 1795847 1795847 
1774747 1774747 1774747 1774747 1774747 1774747 1774747 1774747 1774747 1774747 
1755408 1755408 1755408 1755408 1755408 1755408 1755408 1755408 1755408 1755408 
1737651 1737651 1737651 1737651 1737651 1737651 1737651 1737651 1737651 1737651 
1721332 1721332 1721332 1721332 1721332 1721332 1721332 1721332 1721332 1721332 
1706317 1706317 1706317 1706317 1706317 1706317 1706317 1706317 1706317 1706317 
1692444 1692444 1692444 1692444 1692444 1692444 1692444 1692444 1692444 1692444 
1679632 1679632 1679632 1679632 1679632 1679632 1679632 1679632 1679632 1679632 
1667774 1667774 1667774 1667774 1667774 1667774 1667774 1667774 1667774 1667774 
1656763 1656763 1656763 1656763 1656763 1656763 1656763 1656763 1656763 1656763 
1646508 1646508 1646508 1646508 1646508 1646508 1646508 1646508 1646508 1646508 
1636920 1636920 1636920 1636920 1636920 1636920 1636920 1636920 1636920 1636920 
1627941 1627941 1627941 1627941 1627941 1627941 1627941 1627941 1627941 1627941 
1619499 1619499 1619499 1619499 1619499 1619499 1619499 1619499 1619499 1619499 
1611520 1611520 1611520 1611520 1611520 1611520 1611520 1611520 1611520 1611520 
1603990 1603990 1603990 1603990 1603990 1603990 1603990 1603990 1603990 1603990 
1596813 1596813 1596813 1596813 1596813 1596813 1596813 1596813 1596813 1596813 
1589975 1589975 1589975 1589975 1589975 1589975 1589975 1589975 1589975 1589975 
1583420 1583420 1583420 1583420 1583420 1583420 1583420 1583420 1583420 1583420 
1577108 1577108 1577108 1577108 1577108 1577108 1577108 1577108 1577108 1577108 
1571020 1571020 1571020 1571020 1571020 1571020 1571020 1571020 1571020 1571020 
1565126 1565126 1565126 1565126 1565126 1565126 1565126 1565126 1565126 1565126 
1559412 1559412 1559412 1559412 1559412 1559412 1559412 1559412 1559412 1559412 
1553843 1553843 1553843 1553843 1553843 1553843 1553843 1553843 1553843 1553843 
1548397 1548397 1548397 1548397 1548397 1548397 1548397 1548397 1548397 1548397 
1543089 1543089 1543089 1543089 1543089 1543089 1543089 1543089 1543089 1543089 
1537859 1537859 1537859 1537859 1537859 1537859 1537859 1537859 1537859 1537859 
1532728 1532728 1532728 1532728 1532728 1532728 1532728 1532728 1532728 1532728 
1527677 1527677 1527677 1527677 1527677 1527677 1527677 1527677 1527677 1527677 
1522701 1522701 1522701 1522701 1522701 1522701 1522701 1522701 1522701 1522701 
1517790 1517790 1517790 1517790 1517790 1517790 1517790 1517790 1517790 1517790 
1512926 1512926 1512926 1512926 1512926 1512926 1512926 1512926 1512926 1512926 
1508118 1508118 1508118 1508118 1508118 1508118 1508118 1508118 1508118 1508118 
1503351 1503351 1503351 1503351 1503351 1503351 1503351 1503351 1503351 1503351 
1498624 1498624 1498624 1498624 1498624 1498624 1498624 1498624 1498624 1498624 
1493923 1493923 1493923 1493923 1493923 1493923 1493923 1493923 1493923 1493923 
1489276 1489276 1489276 1489276 1489276 1489276 1489276 1489276 1489276 1489276 
1484625 1484625 1484625 1484625 1484625 1484625 1484625 1484625 1484625 1484625 
1479980 1479980 1479980 1479980 1479980 1479980 1479980 1479980 1479980 1479980 
1475363 1475363 1475363 1475363 1475363 1475363 1475363 1475363 1475363 1475363 
1470741 1470741 1470741 1470741 1470741 1470741 1470741 1470741 1470741 1470741 
1466124 1466124 1466124 1466124 1466124 1466124 1466124 1466124 1466124 1466124 
1461490 1461490 1461490 1461490 1461490 1461490 1461490 1461490 1461490 1461490 
1456862 1456862 1456862 1456862 1456862 1456862 1456862 1456862 1456862 1456862 
1452209 1452209 1452209 1452209 1452209 1452209 1452209 1452209 1452209 1452209 
1447529 1447529 1447529 1447529 1447529 1447529 1447529 1447529 1447529 1447529 
1442822 1442822 1442822 1442822 1442822 1442822 1442822 1442822 1442822 1442822 
1438082 1438082 1438082 1438082 1438082 1438082 1438082 1438082 1438082 1438082 
1433293 1433293 1433293 1433293 1433293 1433293 1433293 1433293 1433293 1433293 
1428466 1428466 1428466 1428466 1428466 1428466 1428466 1428466 1428466 1428466 
1423595 1423595 1423595 1423595 1423595 1423595 1423595 1423595 1423595 1423595 
1418679 1418679 1418679 1418679 1418679 1418679 1418679 1418679 1418679 1418679 
1413705 1413705 1413705 1413705 1413705 1413705 1413705 1413705 1413705 1413705 
1408670 1408670 1408670 1408670 1408670 1408670 1408670 1408670 1408670 1408670 
1403596 1403596 1403596 1403596 1403596 1403596 1403596 1403596 1403596 1403596 
1398426 1398426 1398426 1398426 1398426 1398426 1398426 1398426 1398426 1398426 
1393217 1393217 1393217 1393217 1393217 1393217 1393217 1393217 1393217 1393217 
1387948 1387948 1387948 1387948 1387948 1387948 1387948 1387948 1387948 1387948 
1382606 1382606 1382606 1382606 1382606 1382606 1382606 1382606 1382606 1382606 
1377206 1377206 1377206 1377206 1377206 1377206 1377206 1377206 1377206 1377206 
1371752 1371752 1371752 1371752 1371752 1371752 1371752 1371752 1371752 1371752 
1366233 1366233 1366233 1366233 1366233 1366233 1366233 1366233 1366233 1366233 
1360667 1360667 1360667 1360667 1360667 1360667 1360667 1360667 1360667 1360667 
1355033 1355033 1355033 1355033 1355033 1355033 1355033 1355033 1355033 1355033 
1349365 1349365 1349365 1349365 1349365 1349365 1349365 1349365 1349365 1349365 
1343642 1343642 1343642 1343642 1343642 1343642 1343642 1343642 1343642 1343642 
1337900 1337900 1337900 1337900 1337900 1337900 1337900 1337900 1337900 1337900 
1332113 1332113 1332113 1332113 1332113 1332113 1332113 1332113 1332113 1332113 
1326292 1326292 1326292 1326292 1326292 1326292 1326292 1326292 1326292 1326292 
1320480 1320480 1320480 1320480 1320480 1320480 1320480 1320480 1320480 1320480 
1314623 1314623 1314623 1314623 1314623 1314623 1314623 1314623 1314623 1314623 
1308763 1308763 1308763 1308763 1308763 1308763 1308763 1308763 1308763 1308763 
1302891 1302891 1302891 1302891 1302891 1302891 1302891 1302891 1302891 1302891 
1297065 1297065 1297065 1297065 1297065 1297065 1297065 1297065 1297065 1297065 
1291215 1291215 1291215 1291215 1291215 1291215 1291215 1291215 1291215 1291215 
1285392 1285392 1285392 1285392 1285392 1285392 1285392 1285392 1285392 1285392 
1279612 1279612 1279612 1279612 1279612 1279612 1279612 1279612 1279612 1279612 
1273865 1273865 1273865 1273865 1273865 1273865 1273865 1273865 1273865 1273865 
1268163 1268163 1268163 1268163 1268163 1268163 1268163 1268163 1268163 1268163 
1262492 1262492 1262492 1262492 1262492 1262492 1262492 1262492 1262492 1262492 
1256893 1256893 1256893 1256893 1256893 1256893 1256893 1256893 1256893 1256893 
1251352 1251352 1251352 1251352 1251352 1251352 1251352 1251352 1251352 1251352 
1245879 1245879 1245879 1245879 1245879 1245879 1245879 1245879 1245879 1245879 
1240489 1240489 1240489 1240489 1240489 1240489 1240489 1240489 1240489 1240489 
1235189 1235189 1235189 1235189 1235189 1235189 1235189 1235189 1235189 1235189 
1229955 1229955 1229955 1229955 1229955 1229955 1229955 1229955 1229955 1229955 
1224824 1224824 1224824 1224824 1224824 1224824 1224824 1224824 1224824 1224824 
1219810 1219810 1219810 1219810 1219810 1219810 1219810 1219810 1219810 1219810 
1214869 1214869 1214869 1214869 1214869 1214869 1214869 1214869 1214869 1214869 
1210032 1210032 1210032 1210032 1210032 1210032 1210032 1210032 1210032 1210032 
1205317 1205317 1205317 1205317 1205317 1205317 1205317 1205317 1205317 1205317 
1200699 1200699 1200699 1200699 1200699 1200699 1200699 1200699 1200699 1200699 
1196196 1196196 1196196 1196196 1196196 1196196 1196196 1196196 1196196 1196196 
1191813 1191813 1191813 1191813 1191813 1191813 1191813 1191813 1191813 1191813 
1187532 1187532 1187532 1187532 1187532 1187532 1187532 1187532 1187532 1187532 
1183370 1183370 1183370 1183370 1183370 1183370 1183370 1183370 1183370 1183370 
1179330 1179330 1179330 1179330 1179330 1179330 1179330 1179330 1179330 1179330 
1175388 1175388 1175388 1175388 1175388 1175388 1175388 1175388 1175388 1175388 
1171555 1171555 1171555 1171555 1171555 1171555 1171555 1171555 1171555 1171555 
1167836 1167836 1167836 1167836 1167836 1167836 1167836 1167836 1167836 1167836 
1164237 1164237 1164237 1164237 1164237 1164237 1164237 1164237 1164237 1164237 
1160737 1160737 1160737 1160737 1160737 1160737 1160737 1160737 1160737 1160737 
1157327 1157327 1157327 1157327 1157327 1157327 1157327 1157327 1157327 1157327 
1154028 1154028 1154028 1154028 1154028 1154028 1154028 1154028 1154028 1154028 
1150809 1150809 1150809 1150809 1150809 1150809 1150809 1150809 1150809 1150809 
1147703 1147703 1147703 1147703 1147703 1147703 1147703 1147703 1147703 1147703 
1144661 1144661 1144661 1144661 1144661 1144661 1144661 1144661 1144661 1144661 
1141695 1141695 1141695 1141695 1141695 1141695 1141695 1141695 1141695 1141695 
1138807 1138807 1138807 1138807 1138807 1138807 1138807 1138807 1138807 1138807 
1135999 1135999 1135999 1135999 1135999 1135999 1135999 1135999 1135999 1135999 
1133249 1133249 1133249 1133249 1133249 1133249 1133249 1133249 1133249 1133249 
1130551 1130551 1130551 1130551 1130551 1130551 1130551 1130551 1130551 1130551 
1127897 1127897 1127897 1127897 1127897 1127897 1127897 1127897 1127897 1127897 
1125311 1125311 1125311 1125311 1125311 1125311 1125311 1125311 1125311 1125311 
1122753 1122753 1122753 1122753 1122753 1122753 1122753 1122753 1122753 1122753 
1120235 1120235 1120235 1120235 1120235 1120235 1120235 1120235 1120235 1120235 
1117734 1117734 1117734 1117734 1117734 1117734 1117734 1117734 1117734 1117734 
1115262 1115262 1115262 1115262 1115262 1115262 1115262 1115262 1115262 1115262 
1112811 1112811 1112811 1112811 1112811 1112811 1112811 1112811 1112811 1112811 
1110376 1110376 1110376 1110376 1110376 1110376 1110376 1110376 1110376 1110376 
1107931 1107931 1107931 1107931 1107931 1107931 1107931 1107931 1107931 1107931 
1105523 1105523 1105523 1105523 1105523 1105523 1105523 1105523 1105523 1105523 
1103095 1103095 1103095 1103095 1103095 1103095 1103095 1103095 1103095 1103095 
1100673 1100673 1100673 1100673 1100673 1100673 1100673 1100673 1100673 1100673 
1098238 1098238 1098238 1098238 1098238 1098238 1098238 1098238 1098238 1098238 
1095801 1095801 1095801 1095801 1095801 1095801 1095801 1095801 1095801 1095801 
1093348 1093348 1093348 1093348 1093348 1093348 1093348 1093348 1093348 1093348 
1090873 1090873 1090873 1090873 1090873 1090873 1090873 1090873 1090873 1090873 
1088389 1088389 1088389 1088389 1088389 1088389 1088389 1088389 1088389 1088389 
1085889 1085889 1085889 1085889 1085889 1085889 1085889 1085889 1085889 1085889 
1083369 1083369 1083369 1083369 1083369 1083369 1083369 1083369 1083369 1083369 
1080838 1080838 1080838 1080838 1080838 1080838 1080838 1080838 1080838 1080838 
1078270 1078270 1078270 1078270 1078270 1078270 1078270 1078270 1078270 1078270 
1075695 1075695 1075695 1075695 1075695 1075695 1075695 1075695 1075695 1075695 
1073104 1073104 1073104 1073104 1073104 1073104 1073104 1073104 1073104 1073104 
1070485 1070485 1070485 1070485 1070485 1070485 1070485 1070485 1070485 1070485 
1067839 1067839 1067839 1067839 1067839 1067839 1067839 1067839 1067839 1067839 
1065186 1065186 1065186 1065186 1065186 1065186 1065186 1065186 1065186 1065186 
1062518 1062518 1062518 1062518 1062518 1062518 1062518 1062518 1062518 1062518 
1059814 1059814 1059814 1059814 1059814 1059814 1059814 1059814 1059814 1059814 
1057096 1057096 1057096 1057096 1057096 1057096 1057096 1057096 1057096 1057096 
1054366 1054366 1054366 1054366 1054366 1054366 1054366 1054366 1054366 1054366 
1051604 1051604 1051604 1051604 1051604 1051604 1051604 1051604 1051604 1051604 
1048841 1048841 1048841 1048841 1048841 1048841 1048841 1048841 1048841 1048841 
1046038 1046038 1046038 1046038 1046038 1046038 1046038 1046038 1046038 1046038 
1043233 1043233 1043233 1043233 1043233 1043233 1043233 1043233 1043233 1043233 
1040404 1040404 1040404 1040404 1040404 1040404 1040404 1040404 1040404 1040404 
1037542 1037542 1037542 1037542 1037542 1037542 1037542 1037542 1037542 1037542 
1034671 1034671 1034671 1034671 1034671 1034671 1034671 1034671 1034671 1034671 
1031772 1031772 1031772 1031772 1031772 1031772 1031772 1031772 1031772 1031772 
1028851 1028851 1028851 1028851 1028851 1028851 1028851 1028851 1028851 1028851 
1025883 1025883 1025883 1025883 1025883 1025883 1025883 1025883 1025883 1025883 
1022896 1022896 1022896 1022896 1022896 1022896 1022896 1022896 1022896 1022896 
1019888 1019888 1019888 1019888 1019888 1019888 1019888 1019888 1019888 1019888 
1016845 1016845 1016845 1016845 1016845 1016845 1016845 1016845 1016845 1016845 
1013735 1013735 1013735 1013735 1013735 1013735 1013735 1013735 1013735 1013735 
1010609 1010609 1010609 1010609 1010609 1010609 1010609 1010609 1010609 1010609 
1007425 1007425 1007425 1007425 1007425 1007425 1007425 1007425 1007425 1007425 
1004199 1004199 1004199 1004199 1004199 1004199 1004199 1004199 1004199 1004199 
1000939 1000939 1000939 1000939 1000939 1000939 1000939 1000939 1000939 1000939 
997596 997596 997596 997596 997596 997596 997596 997596 997596 997596 
994202 994202 994202 994202 994202 994202 994202 994202 994202 994202 
990767 990767 990767 990767 990767 990767 990767 990767 990767 990767 
987268 987268 987268 987268 987268 987268 987268 987268 987268 987268 
983698 983698 983698 983698 983698 983698 983698 983698 983698 983698 
980079 980079 980079 980079 980079 980079 980079 980079 980079 980079 
976390 976390 976390 976390 976390 976390 976390 976390 976390 976390 
972617 972617 972617 972617 972617 972617 972617 972617 972617 972617 
968800 968800 968800 968800 968800 968800 968800 968800 968800 968800 
964915 964915 964915 964915 964915 964915 964915 964915 964915 964915 
960953 960953 960953 960953 960953 960953 960953 960953 960953 960953 
956931 956931 956931 956931 956931 956931 956931 956931 956931 956931 
952850 952850 952850 952850 952850 952850 952850 952850 952850 952850 
948691 948691 948691 948691 948691 948691 948691 948691 948691 948691 
944472 944472 944472 944472 944472 944472 944472 944472 944472 944472 
940193 940193 940193 940193 940193 940193 940193 940193 940193 940193 
935852 935852 935852 935852 935852 935852 935852 935852 935852 935852 
931466 931466 931466 931466 931466 931466 931466 931466 931466 931466 
927005 927005 927005 927005 927005 927005 927005 927005 927005 927005 
922495 922495 922495 922495 922495 922495 922495 922495 922495 922495 
917938 917938 917938 917938 917938 917938 917938 917938 917938 917938 
913317 913317 913317 913317 913317 913317 913317 913317 913317 913317 
908647 908647 908647 908647 908647 908647 908647 908647 908647 908647 
903943 903943 903943 903943 903943 903943 903943 903943 903943 903943 
899167 899167 899167 899167 899167 899167 899167 899167 899167 899167 
894367 894367 894367 894367 894367 894367 894367 894367 894367 894367 
889523 889523 889523 889523 889523 889523 889523 889523 889523 889523 
884627 884627 884627 884627 884627 884627 884627 884627 884627 884627 
879684 879684 879684 879684 879684 879684 879684 879684 879684 879684 
874720 874720 874720 874720 874720 874720 874720 874720 874720 874720 
869691 869691 869691 869691 869691 869691 869691 869691 869691 869691 
864627 864627 864627 864627 864627 864627 864627 864627 864627 864627 
859530 859530 859530 859530 859530 859530 859530 859530 859530 859530 
854399 854399 854399 854399 854399 854399 854399 854399 854399 854399 
849228 849228 849228 849228 849228 849228 849228 849228 849228 849228 
844018 844018 844018 844018 844018 844018 844018 844018 844018 844018 
838764 838764 838764 838764 838764 838764 838764 838764 838764 838764 
833481 833481 833481 833481 833481 833481 833481 833481 833481 833481 
828155 828155 828155 828155 828155 828155 828155 828155 828155 828155 
822797 822797 822797 822797 822797 822797 822797 822797 822797 822797 
817413 817413 817413 817413 817413 817413 817413 817413 817413 817413 
811993 811993 811993 811993 811993 811993 811993 811993 811993 811993 
806550 806550 806550 806550 806550 806550 806550 806550 806550 806550 
801058 801058 801058 801058 801058 801058 801058 801058 801058 801058 
795557 795557 795557 795557 795557 795557 795557 795557 795557 795557 
790037 790037 790037 790037 790037 790037 790037 790037 790037 790037 
784470 784470 784470 784470 784470 784470 784470 784470 784470 784470 
778902 778902 778902 778902 778902 778902 778902 778902 778902 778902 
773301 773301 773301 773301 773301 773301 773301 773301 773301 773301 
767686 767686 767686 767686 767686 767686 767686 767686 767686 767686 
762060 762060 762060 762060 762060 762060 762060 762060 762060 762060 
756416 756416 756416 756416 756416 756416 756416 756416 756416 756416 
750758 750758 750758 750758 750758 750758 750758 750758 750758 750758 
745111 745111 745111 745111 745111 745111 745111 745111 745111 745111 
739449 739449 739449 739449 739449 739449 739449 739449 739449 739449 
